%Génération de quatre fonctions cosinus
Three=[1 0.0225537749552763;2 0.0225537749552763;3 0.0225537749552763;4 0.0225537749552763;5 0.0170361257340287;6 0.0170361257340287;7 0.0170361257340287;8 0.0170361257340287;9 0.0170361257340287;10 0.0170361257340287;11 0.0170361257340287;12 0.0170361257340287;13 0.0170361257340287;14 0.0170361257340287;15 0.0170361257340287;16 0.0170361257340287;17 0.0170361257340287;18 0.0170361257340287;19 0.0170361257340287;20 0.0170361257340287;21 0.0170361257340287;22 0.0170361257340287;23 0.0170361257340287;24 0.0170361257340287;25 0.0170361257340287;26 0.0170361257340287;27 0.0170361257340287;28 0.0170361257340287;29 0.0170361257340287;30 0.0118578288454297;31 0.0118578288454297;32 0.0118578288454297;33 0.0118578288454297;34 0.0118578288454297;35 0.0118578288454297;36 0.0118578288454297;37 0.0118578288454297;38 0.0118578288454297;39 0.0118578288454297;40 0.0118578288454297;41 0.0118578288454297;42 0.0118578288454297;43 0.0118578288454297;44 0.0118578288454297;45 0.0118578288454297;46 0.0118578288454297;47 0.0118578288454297;48 0.0118578288454297;49 0.00333257210509057;50 0.00333257210509057;51 0.00333257210509057;52 0.00333257210509057;53 0.00333257210509057;54 0.00333257210509057;55 0.00333257210509057;56 0.00333257210509057;57 0.00333257210509057;58 0.00333257210509057;59 0.00333257210509057;60 0.00333257210509057;61 0.00333257210509057;62 0.00333257210509057;63 0.00333257210509057;64 0.00333257210509057;65 0.00333257210509057;66 0.00333257210509057;67 0.00333257210509057;68 0.00333257210509057;69 0.00333257210509057;70 0.00333257210509057;71 0.00333257210509057;72 0.00333257210509057;73 0.00333257210509057;74 0.00333257210509057;75 0.00333257210509057;76 0.00333257210509057;77 0.00333257210509057;78 0.00333257210509057;79 0.00333257210509057;80 0.00333257210509057;81 0.00333257210509057;82 0.00333257210509057;83 0.00333257210509057;84 0.00333257210509057;85 0.00333257210509057;86 0.00333257210509057;87 0.00333257210509057;88 0.00333257210509057;89 0.00333257210509057;90 0.00333257210509057;91 0.00333257210509057;92 0.00333257210509057;93 0.00333257210509057;94 0.00333257210509057;95 0.00333257210509057;96 0.00333257210509057;97 0.00333257210509057;98 0.00333257210509057;99 0.00333257210509057;100 0.00333257210509057];   %vecteur cos1 représentant le cosinus du vecteur x précédemment crée
Four=[1 0.138527620193244;2 0.138527620193244;3 0.114310350304311;4 0.114310350304311;5 0.0582753113852068;6 0.0582753113852068;7 0.0582753113852068;8 0.0582753113852068; 9 0.0582753113852068;10 0.0582753113852068;11 0.0582753113852068;12 0.0582753113852068;13 0.0582753113852068;14 0.0582753113852068;15 0.0582753113852068;16 0.0582753113852068;17 0.0582753113852068;18 0.0582753113852068;19 0.0582753113852068;20 0.0582753113852068;21 0.0582753113852068;22 0.0582753113852068;23 0.0582753113852068;24 0.0582753113852068;25 0.0582753113852068;26 0.0582753113852068;27 0.0582753113852068;28 0.0582753113852068;29 0.0582753113852068;30 0.0582753113852068;31 0.0582753113852068;32 0.0582753113852068;33 0.0582753113852068;34 0.0582753113852068;35 0.0582753113852068;36 0.0582753113852068;37 0.0582753113852068;38 0.0582753113852068;39 0.0582753113852068;40 0.0582753113852068;41 0.0582753113852068;42 0.0582753113852068;43 0.0582753113852068;44 0.0582753113852068;45 0.0582753113852068;46 0.0582753113852068;47 0.0582753113852068;48 0.0582753113852068;49 0.0582753113852068;50 0.0582753113852068;51 0.0582753113852068;52 0.0582753113852068;53 0.0582753113852068;54 0.0582753113852068;55 0.0582753113852068;56 0.0582753113852068;57 0.0582753113852068;58 0.0582753113852068;59 0.0582753113852068;60 0.0582753113852068;61 0.0582753113852068;62 0.0582753113852068;63 0.0582753113852067;64 0.0582753113852067;65 0.0582753113852065;66 0.0582753113852065;67 0.0582753113852064;68 0.0582753113852064;69 0.0582753113852064;70 0.0582753113852064;71 0.0582753113852064;72 0.0582753113852064;73 0.0582753113852064;74 0.0582753113852064;75 0.0582753113852064;76 0.0582753113852064;77 0.0582753113852064;78 0.0582753113852064;79 0.0582753113852064;80 0.0582753113852064;81 0.0582753113852064;82 0.0582753113852064;83 0.0249820711809068;84 0.0249820711809068;85 0.0249820711809068;86 0.0249820711809068;87 0.0249820711809068;88 0.0249820711809068;89 0.0249820711809068;90 0.0249820711809068;91 0.0249820711809068;92 0.0249820711809068;93 0.0249820711809068;94 0.0249820711809068;95 0.0249820711809068;96 0.0249820711809068;97 0.0249820711809068;98 0.0249820711809068;99 0.0249820711809068;100 0.0249820711809068];
Five=[1 0.271672278301596;2 0.163684598096359;3 0.146140177217504;4 0.129435001148875;5 0.129435001148875;6 0.129435001148875;7 0.129435001148875;8 0.129435001148875;9 0.129435001148875;10 0.129435001148875;11 0.129435001148875;12 0.129435001148875;13 0.129435001148875;14 0.129435001148875;15 0.129435001148875;16 0.129435001148875;17 0.129435001148875;18 0.119874770321512;19 0.119874770321512;20 0.119874770321512;21 0.119874770321512;22 0.119874770321512;23 0.119874770321512;24 0.119874770321512;25 0.119874770321512;26 0.119874770321512;27 0.119874770321512;28 0.119874770321512;29 0.119874770321512;30 0.0624880817640181;31 0.0624880817640181;31 0.0624880817640181;32 0.0624880817640181;33 0.0624880817640181;34 0.0624880817640181;35 0.0624880817640181;36 0.0624880817640181;37 0.0624880817640181;38 0.0624880817640181;39 0.0624880817640181;40 0.0624880817640181;41 0.0624880817640181;42 0.0624880817640181;43 0.0624880817640181;44 0.0624880817640181;45 0.0624880817640181;46 0.0624880817640181;47 0.0624880817640181;48 0.0624880817640181;49 0.0624880817640181;50 0.0624880817640181;51 0.0624880817640181;52 0.0624880817640181;53 0.0624880817640181;54 0.0624880817640181;55 0.0624880817640181;56 0.0624880817640181;57 0.0624880817640181;58 0.0624880817640181;59 0.0624880817640181;60 0.0624880817640181;61 0.0624880817640181;62 0.0624880817640181;63 0.0624880817640181;64 0.0624880817640181;65 0.0624880817640181;66 0.0624880817640181;67 0.0624880817640181;68 0.0624880817640181;69 0.0624880817640181;70 0.0624880817640181;71 0.0624880817640181;72 0.0624880817640181;73 0.0624880817640181;74 0.0624880817640181;75 0.0624880817640181;76 0.0624880817640181;77 0.0624880817640181;78 0.0624880817640181;79 0.0624880817640181;80 0.0622093826289496;81 0.0622093826289496;82 0.0622093826289496;83 0.0622093826289496;84 0.0622093826289496;85 0.0622093826289496;86 0.0622093826289496;87 0.0622093826289496;88 0.0622093826289496;89 0.0622093826289496;90 0.0622093826289496;91 0.0622093826289496;92 0.0622093826289496;93 0.0622093826289496;94 0.0622093826289496;95 0.0622093826289496;96 0.0622093826289496;97 0.0622093826289496;98 0.0622093826289496;99 0.0590226467990782]; 
